KP_EF_R1_01	0.31082	1.51533	0.26126	1.40328	0.14921	1.34402	0.22840	1.15871	0.27419	1.19858	0.44387	1.30578	0.64480	1.41190	0.70729	1.13016	0.65773	1.06229	1.01273	0.75147	0.90822	0.59525	1.86817	0.93085	2.08957	0.42448	1.92850	0.23486	0.99765	0.26018
KP_EF_R1_02	0.34583	1.39143	0.30812	1.27561	0.20200	1.22174	0.28011	1.05151	0.32590	1.08922	0.48212	1.19319	0.66312	1.30793	0.74446	1.04343	0.70244	0.98310	1.05421	0.71537	0.95186	0.56400	1.86547	0.91415	2.08041	0.43526	1.93604	0.27096	1.06821	0.23540
KP_EF_R1_03	0.42071	1.54334	0.34853	1.44045	0.22140	1.41728	0.26718	1.21959	0.31836	1.24544	0.49828	1.31008	0.70352	1.37096	0.71591	1.08976	0.66474	1.04451	0.91092	0.72561	0.79725	0.60979	1.75881	0.65881	1.85901	0.16322	1.68824	0.05979	0.83873	0.24725
KP_EF_R1_04	0.12335	1.08868	0.14436	0.97179	0.09211	0.87052	0.24564	0.76547	0.26557	0.81880	0.33183	0.97933	0.45465	1.16895	0.62811	0.97771	0.61356	0.90499	1.06714	0.83766	1.06606	0.67605	1.70171	1.37527	2.07341	1.07576	2.02816	0.85489	1.30578	0.45357
KP_EF_R1_05	0.26234	1.41405	0.24456	1.29608	0.14113	1.22982	0.26018	1.07091	0.29573	1.11670	0.41909	1.24059	0.58178	1.38011	0.68251	1.13609	0.65342	1.07683	1.02512	0.87913	0.96425	0.73369	1.75558	1.17595	2.05940	0.74769	1.94412	0.58986	1.13286	0.44549
KP_EF_R1_06	0.24833	1.45553	0.21655	1.33271	0.11150	1.26645	0.21224	1.08707	0.25695	1.13609	0.40617	1.24652	0.60063	1.36719	0.69167	1.08761	0.65073	1.02458	1.02081	0.75416	0.93516	0.58932	1.86062	0.99172	2.11111	0.50421	1.97213	0.34368	1.05367	0.26341
KP_EF_R1_07	0.21224	1.31763	0.19554	1.20127	0.11150	1.12154	0.22840	0.97502	0.25910	1.02781	0.39647	1.15602	0.52791	1.30793	0.66581	1.07198	0.63888	1.00573	1.03428	0.81826	0.95671	0.66150	1.76959	1.19211	2.07879	0.76709	1.97860	0.57370	1.12154	0.36846
KP_EF_R1_08	0.14706	1.30093	0.14221	1.17272	0.06302	1.08222	0.19608	0.95132	0.22140	1.00896	0.34907	1.14848	0.47242	1.31601	0.64427	1.08491	0.62380	1.01919	1.03589	0.86136	0.98579	0.68790	1.78790	1.28477	2.14451	0.90284	2.03462	0.69490	1.20720	0.41640
KP_EF_R1_09	0.09857	0.71591	0.15568	0.60063	0.12766	0.48266	0.32590	0.43310	0.32482	0.49128	0.35176	0.68197	0.38785	0.89853	0.67443	0.79402	0.68844	0.71430	1.12855	0.78756	1.17703	0.61787	1.52610	1.55411	2.04108	1.41136	2.08633	1.18349	1.49378	0.47350
KP_EF_R1_10	0.33560	1.53687	0.30004	1.41728	0.19446	1.36072	0.26988	1.18511	0.31728	1.22282	0.47296	1.33056	0.65073	1.44583	0.71968	1.17864	0.67282	1.11777	1.02189	0.83873	0.92169	0.69544	1.82992	1.01488	2.04432	0.51660	1.88702	0.36361	1.01973	0.36792
KP_EF_R1_11	0.10504	1.05421	0.12982	0.93731	0.06141	0.84143	0.22032	0.73423	0.24564	0.78594	0.31621	0.94970	0.41586	1.13178	0.62110	0.94701	0.61141	0.87698	1.03751	0.80910	0.99765	0.64103	1.64030	1.35533	2.05886	1.04343	2.01415	0.83658	1.26537	0.40886
KP_EF_R1_12	0.27365	1.46900	0.23163	1.35533	0.12335	1.29770	0.20524	1.12101	0.25533	1.15925	0.41963	1.26322	0.59902	1.37634	0.65989	1.11023	0.61248	1.04882	0.97394	0.77301	0.86405	0.63295	1.83800	0.96155	2.09442	0.46165	1.93173	0.28550	0.98795	0.28442
KP_EF_R1_13	0.36145	1.50886	0.32159	1.38766	0.20093	1.34618	0.27203	1.16141	0.31890	1.20181	0.50744	1.28153	0.68144	1.39358	0.75739	1.09730	0.70675	1.04397	1.02243	0.73638	0.90122	0.59471	1.87301	0.80641	2.04270	0.30382	1.88109	0.16591	0.96802	0.27419
KP_EF_R1_14	0.27742	1.49432	0.21978	1.38604	0.10019	1.33594	0.18315	1.14040	0.23325	1.17649	0.40024	1.27884	0.61033	1.37850	0.67228	1.08276	0.62218	1.02458	0.94539	0.72130	0.83550	0.57047	1.82669	0.85166	2.00769	0.34314	1.83207	0.16591	0.91523	0.21278
KP_EF_R1_15	0.23109	1.26376	0.20901	1.15063	0.11474	1.07252	0.22840	0.91577	0.26341	0.97179	0.39593	1.09623	0.55269	1.24436	0.68090	0.99711	0.64965	0.93085	1.02727	0.72776	0.94701	0.56023	1.79760	1.05959	2.09118	0.62541	1.96351	0.42987	1.12531	0.25803
KP_EF_R1_16	0.20685	1.20450	0.19123	1.08276	0.10342	1.00196	0.21709	0.85597	0.24941	0.90715	0.36576	1.03589	0.52522	1.18888	0.64750	0.94539	0.62164	0.87860	1.01381	0.69544	0.95401	0.53868	1.75396	1.04721	2.08795	0.63565	1.98829	0.45626	1.13663	0.24833
KP_EF_R1_17	0.34368	1.53202	0.30920	1.40489	0.20416	1.34079	0.27796	1.16195	0.32698	1.20127	0.49020	1.31709	0.66958	1.43344	0.75847	1.14794	0.70999	1.08868	1.04774	0.81557	0.94216	0.65342	1.89726	1.00465	2.11058	0.52037	1.95382	0.35014	1.04774	0.33129
KP_EF_R2_01	0.31190	1.32247	0.28496	1.20558	0.18584	1.14525	0.27688	0.98418	0.32213	1.02350	0.45303	1.13824	0.61733	1.25891	0.71861	1.01435	0.68413	0.95563	1.04397	0.72453	0.96371	0.56993	1.82345	0.94216	2.06586	0.49020	1.93335	0.32321	1.09892	0.26018
KP_EF_R2_02	0.20739	1.50886	0.18099	1.39304	0.08565	1.31332	0.20362	1.16141	0.24133	1.20881	0.36900	1.33756	0.53222	1.47331	0.65289	1.23198	0.62433	1.17056	1.02835	0.96209	0.96856	0.79456	1.79544	1.29231	2.11435	0.87752	2.00068	0.69652	1.14255	0.51013
KP_EF_R2_03	0.21709	1.41513	0.18153	1.29015	0.07487	1.22443	0.18153	1.04667	0.22193	1.09676	0.38623	1.21797	0.56131	1.35210	0.67228	1.07522	0.63834	1.00357	1.01865	0.74985	0.92600	0.56292	1.90695	0.96317	2.12512	0.49289	1.98291	0.30812	1.05529	0.24887
KP_EF_R2_04	0.47242	1.62576	0.39862	1.52987	0.28119	1.50132	0.31782	1.31224	0.36576	1.34079	0.54569	1.39304	0.75147	1.44637	0.75470	1.16895	0.69490	1.12585	0.94270	0.77032	0.80910	0.66097	1.77659	0.67982	1.85308	0.15352	1.66023	0.04147	0.85005	0.28604
KP_EF_R2_05	0.18423	1.24490	0.16968	1.12316	0.07487	1.03697	0.20901	0.88452	0.23432	0.94054	0.36684	1.07629	0.51767	1.23521	0.64319	0.99387	0.61949	0.92277	1.04290	0.73854	0.98687	0.55915	1.82184	1.08060	2.12674	0.67336	2.01253	0.49128	1.14578	0.28388
KP_EF_R2_06	0.17992	1.06552	0.20254	0.94324	0.13090	0.85489	0.27634	0.74823	0.30112	0.79241	0.39324	0.94755	0.48912	1.12316	0.68682	0.92708	0.67820	0.85920	1.09676	0.77463	1.06337	0.59794	1.74050	1.26214	2.16283	0.91361	2.05132	0.68144	1.28369	0.36361
KP_EF_R2_07	0.09857	1.04290	0.12820	0.91684	0.05009	0.82742	0.22840	0.70137	0.24456	0.75955	0.33075	0.93731	0.42933	1.12639	0.63565	0.92600	0.62595	0.85166	1.13070	0.78702	1.10700	0.58016	1.76797	1.36180	2.17252	1.05259	2.12404	0.84358	1.35911	0.36792
KP_EF_R2_08	0.26395	1.48462	0.21655	1.37742	0.10881	1.32840	0.19392	1.14794	0.23917	1.18619	0.40509	1.27992	0.57478	1.38227	0.65019	1.11508	0.60925	1.05421	0.94378	0.76439	0.83550	0.61302	1.75396	0.91253	1.98937	0.42287	1.82345	0.26395	0.92977	0.29681
KP_EF_R2_09	0.15029	0.93516	0.15514	0.81665	0.07649	0.74285	0.22301	0.60440	0.24294	0.65450	0.34853	0.79671	0.48428	0.95940	0.63834	0.74446	0.61625	0.67928	1.02727	0.54676	0.98903	0.38246	1.73942	0.96640	2.08149	0.60602	1.98291	0.41155	1.20289	0.13036
KP_EF_R2_10	0.10181	0.90445	0.14544	0.78810	0.09857	0.68305	0.28496	0.59686	0.28658	0.65396	0.35822	0.84304	0.41586	1.03104	0.65612	0.87213	0.65773	0.79941	1.10323	0.79133	1.12424	0.60925	1.61768	1.42159	2.07071	1.18996	2.05455	0.95617	1.37257	0.43741
KP_EF_R2_11	0.15083	0.53060	0.22840	0.43202	0.21170	0.31190	0.40994	0.30004	0.40617	0.35930	0.39647	0.53814	0.39701	0.73908	0.67982	0.68575	0.70406	0.61787	1.12047	0.76278	1.18295	0.59848	1.45338	1.53795	1.96675	1.45391	2.01253	1.24652	1.50940	0.50744
KP_EF_R2_12	0.11150	1.14578	0.13090	1.02889	0.06464	0.93839	0.21170	0.82257	0.23325	0.86998	0.31513	1.03212	0.42071	1.20989	0.60225	1.01542	0.59848	0.95186	1.02350	0.86836	1.02027	0.67982	1.69201	1.36988	2.08472	1.05098	2.02654	0.84843	1.24167	0.44764
KP_EF_R2_13	0.21816	1.38981	0.19931	1.26968	0.10666	1.19858	0.22517	1.04559	0.26018	1.09192	0.38785	1.21905	0.54084	1.35480	0.66474	1.11023	0.63672	1.04667	1.00357	0.84250	0.93570	0.68305	1.80514	1.12316	2.09172	0.70514	1.98668	0.53060	1.09461	0.38408
KP_EF_R2_14	0.29627	1.37688	0.27203	1.26376	0.17130	1.21689	0.26395	1.06552	0.30166	1.10323	0.43472	1.20181	0.60925	1.31116	0.67766	1.08168	0.63996	1.02835	0.99118	0.78756	0.90661	0.65881	1.73080	0.99711	1.96082	0.57585	1.81861	0.41317	1.01973	0.37977
KP_EF_R2_15	0.19231	1.27076	0.16860	1.15279	0.07487	1.08922	0.18638	0.92061	0.22517	0.96532	0.35176	1.09407	0.53006	1.23251	0.64804	0.97448	0.60979	0.90984	1.02458	0.67820	0.92007	0.51498	1.86709	0.97125	2.13212	0.52468	2.00122	0.33290	1.08168	0.18907
KP_EF_R2_16	0.20847	1.28423	0.18907	1.16518	0.09103	1.09407	0.20039	0.93893	0.23971	0.98957	0.36576	1.11454	0.52791	1.26322	0.65073	1.01973	0.61787	0.95509	1.00573	0.75577	0.92923	0.59525	1.78629	1.07252	2.09980	0.63834	1.97483	0.46704	1.09461	0.30489
KP_EF_R2_17	0.21547	1.28908	0.20200	1.16949	0.09534	1.10484	0.20577	0.94809	0.24618	0.98903	0.40240	1.10700	0.54569	1.24329	0.67336	0.98957	0.64050	0.92546	1.00842	0.70514	0.95132	0.54730	1.80999	0.98849	2.09657	0.55808	1.98129	0.37223	1.09892	0.23756
KP_EF_R2_19	0.32590	1.53957	0.27257	1.41944	0.15406	1.36557	0.23756	1.16464	0.28496	1.20450	0.46650	1.30955	0.66097	1.42375	0.74015	1.13286	0.70191	1.06821	1.04667	0.75901	0.93570	0.58016	1.98345	0.83658	2.15259	0.35391	1.98829	0.19554	1.05205	0.24510
KP_EF_R2_20	0.19069	1.02889	0.20685	0.91630	0.14921	0.83065	0.29466	0.72399	0.31836	0.77409	0.39108	0.92815	0.47781	1.09407	0.67336	0.91792	0.66420	0.85220	1.09030	0.80210	1.06498	0.63619	1.67585	1.31493	2.12243	1.04343	2.06586	0.83227	1.31547	0.41371
KP_EF_R2_21	0.18315	0.97987	0.20362	0.86890	0.14221	0.78217	0.28981	0.67874	0.30759	0.72507	0.38570	0.87913	0.47242	1.04936	0.66797	0.87052	0.65773	0.80533	1.07953	0.75470	1.05906	0.58932	1.66508	1.26807	2.11381	0.99926	2.05940	0.79025	1.31278	0.36523
KP_EF_R3_01	0.10073	0.94216	0.13413	0.82419	0.07757	0.72561	0.25533	0.63026	0.26934	0.69221	0.33344	0.86243	0.41640	1.06337	0.63188	0.89206	0.62972	0.81880	1.11023	0.81503	1.11346	0.61518	1.65000	1.43344	2.11273	1.16356	2.08687	0.93300	1.35803	0.42502
KP_EF_R3_02	0.20093	1.41944	0.16699	1.30362	0.06625	1.23736	0.17938	1.07414	0.21870	1.11831	0.37708	1.23736	0.53922	1.37419	0.67389	1.11400	0.63726	1.05259	1.01919	0.83065	0.93624	0.67551	1.80568	1.10700	2.13643	0.63134	1.99153	0.45411	1.10592	0.35499
KP_EF_R3_03	0.37277	1.46846	0.32321	1.36180	0.21709	1.31709	0.28335	1.13286	0.32967	1.17003	0.49667	1.26214	0.67713	1.35587	0.75200	1.07576	0.70837	1.02243	1.00303	0.73961	0.91361	0.59578	1.84608	0.84789	2.04108	0.38731	1.88379	0.21924	0.99441	0.27257
KP_EF_R3_04	0.32159	1.37580	0.27850	1.27076	0.16645	1.22443	0.23756	1.05151	0.28065	1.08599	0.45519	1.18080	0.62595	1.29177	0.69652	1.01704	0.65073	0.96263	0.99064	0.66743	0.87159	0.51444	1.80352	0.81072	2.01577	0.33721	1.85847	0.16106	0.93731	0.21278
KP_EF_R3_06	0.18315	1.24706	0.17992	1.12855	0.10989	1.04667	0.23810	0.92331	0.26341	0.97233	0.38192	1.11993	0.48966	1.28207	0.65827	1.06337	0.64103	0.99765	1.06283	0.86513	1.01488	0.68952	1.75881	1.30254	2.12889	0.95671	2.04108	0.72938	1.21366	0.43095
KP_EF_R3_07	0.10181	0.90715	0.12982	0.78863	0.06518	0.69113	0.22840	0.59309	0.24564	0.64588	0.32536	0.80587	0.40724	0.98526	0.58663	0.79995	0.58178	0.73315	1.01327	0.67820	1.01973	0.50475	1.66346	1.21689	2.04432	0.92869	1.99314	0.72938	1.27507	0.30543
KP_EF_R3_08	0.22786	1.20289	0.24079	1.09353	0.16968	1.01327	0.30866	0.89529	0.33398	0.94539	0.42394	1.09569	0.52629	1.24867	0.70783	1.06498	0.69760	1.00196	1.10538	0.90445	1.07683	0.74608	1.70387	1.36180	2.07233	1.05636	2.01846	0.87105	1.29931	0.52198
KP_EF_R3_09	0.19285	1.33486	0.17830	1.20827	0.08241	1.13770	0.19931	0.99064	0.23271	1.03697	0.36846	1.16949	0.51983	1.31332	0.63565	1.07522	0.60225	1.00842	1.01865	0.80210	0.94162	0.63295	1.81861	1.11777	2.11542	0.70891	2.00068	0.51229	1.09730	0.33398
KP_EF_R3_10	0.12174	0.88398	0.15191	0.76170	0.08403	0.66581	0.24618	0.56346	0.26772	0.61518	0.35176	0.78917	0.43148	0.97233	0.68575	0.79133	0.67497	0.71807	1.06229	0.64588	1.07306	0.45950	1.68124	1.25406	2.12243	0.95994	2.06371	0.72615	1.31224	0.24240
KP_EF_R3_11	0.27096	1.03374	0.26449	0.91415	0.18261	0.84143	0.30705	0.69652	0.33506	0.74338	0.45142	0.87860	0.59417	1.02458	0.72722	0.79241	0.70298	0.73369	1.08761	0.55431	1.02943	0.39970	1.82938	0.90661	2.13966	0.51875	2.03031	0.32536	1.21097	0.11797
KP_EF_R3_12	0.13790	1.03912	0.15999	0.92869	0.09696	0.83658	0.25210	0.74015	0.26611	0.78863	0.33506	0.94108	0.43956	1.11616	0.61248	0.93570	0.60710	0.86890	0.99495	0.80426	0.98095	0.65289	1.57620	1.34294	1.99799	1.06121	1.95597	0.82904	1.23682	0.42448
KP_EF_R3_13	0.32536	1.30793	0.31136	1.19319	0.22301	1.13770	0.32375	0.98795	0.35822	1.02781	0.49397	1.14525	0.64534	1.27776	0.75093	1.04613	0.71753	0.98687	1.08276	0.78648	1.01973	0.63619	1.85093	1.06283	2.11381	0.66635	2.00445	0.48428	1.19642	0.33398
KP_EF_R3_14	0.29466	1.44152	0.25426	1.32571	0.14706	1.26699	0.24456	1.09353	0.28819	1.13932	0.43741	1.24921	0.61033	1.37527	0.72722	1.10538	0.68305	1.04128	1.05151	0.78002	0.95617	0.61356	1.88325	1.02135	2.13320	0.54784	1.97806	0.35499	1.06714	0.29573
KP_EF_R3_15	0.23594	1.20720	0.21224	1.08707	0.11204	1.02620	0.20901	0.87482	0.24725	0.91577	0.39593	1.02620	0.54676	1.15548	0.65773	0.90230	0.62326	0.84250	0.99064	0.62056	0.91146	0.46273	1.75720	0.88183	2.04486	0.43903	1.92473	0.27473	1.05044	0.17615
KP_EF_R3_16	0.21547	1.06175	0.23432	0.94270	0.18584	0.85274	0.33560	0.75039	0.35391	0.80480	0.43472	0.96317	0.50959	1.15225	0.70029	0.96425	0.69760	0.89476	1.11292	0.84412	1.09569	0.66097	1.70333	1.39466	2.09603	1.12855	2.04970	0.90822	1.35641	0.45088
KP_EF_R3_17	0.15729	1.03643	0.18961	0.91900	0.12335	0.82096	0.27042	0.72022	0.29196	0.77571	0.36523	0.93031	0.45896	1.12801	0.66958	0.94270	0.65773	0.87267	1.07306	0.81234	1.06768	0.63026	1.70710	1.35049	2.13158	1.07576	2.08849	0.85274	1.30631	0.41371
KP_EF_R3_19	0.32105	0.56185	0.40024	0.46919	0.38462	0.36038	0.56777	0.33452	0.56346	0.39431	0.56185	0.57208	0.55431	0.76870	0.79941	0.69598	0.82634	0.63403	1.21312	0.78810	1.28261	0.62703	1.49001	1.53795	1.99153	1.49485	2.03624	1.29339	1.60960	0.56562
KP_ZI_R1_01	0.42717	1.35857	0.39862	1.24652	0.31190	1.18619	0.41155	1.03912	0.44764	1.07953	0.56508	1.19481	0.70622	1.31062	0.80156	1.09030	0.77247	1.03697	1.08815	0.83442	1.02781	0.69760	1.79113	1.02781	2.01253	0.67174	1.91018	0.52252	1.18834	0.41963
KP_ZI_R1_02	0.36792	1.40274	0.35014	1.29608	0.26557	1.23790	0.36145	1.10161	0.39916	1.13663	0.51929	1.24652	0.64211	1.36126	0.76170	1.15063	0.73261	1.09245	1.06283	0.89907	0.98256	0.76978	1.72003	1.14578	1.98829	0.77840	1.88217	0.61733	1.13770	0.49882
KP_ZI_R1_03	0.35337	1.50078	0.30920	1.40058	0.21385	1.36395	0.27796	1.21150	0.31890	1.23682	0.46327	1.31817	0.60817	1.40866	0.66043	1.18619	0.62218	1.13070	0.90661	0.87752	0.80695	0.75362	1.64084	0.92385	1.77497	0.51175	1.64192	0.41586	0.89907	0.45519
KP_ZI_R1_04	0.33560	1.30847	0.31944	1.20720	0.24618	1.15333	0.33937	1.02943	0.36954	1.06821	0.47781	1.17272	0.58016	1.28477	0.67713	1.10107	0.65396	1.04721	0.95240	0.90176	0.89637	0.77948	1.58535	1.13286	1.83369	0.78756	1.73296	0.65396	1.07360	0.52629
KP_ZI_R1_05	0.43041	1.45607	0.39647	1.35210	0.29735	1.31493	0.36415	1.16087	0.40401	1.19265	0.54353	1.27615	0.68628	1.37096	0.74769	1.13717	0.71322	1.09192	0.95886	0.87159	0.87267	0.76655	1.65000	0.94647	1.82399	0.54622	1.69417	0.42556	0.98633	0.46973
KP_ZI_R1_06	0.38139	1.46038	0.35068	1.34833	0.26341	1.30254	0.35768	1.15333	0.38893	1.19103	0.52360	1.29339	0.65181	1.40274	0.74716	1.19373	0.72076	1.13016	1.02835	0.93570	0.95293	0.80372	1.71518	1.11346	1.96728	0.73961	1.85901	0.59201	1.11400	0.52037
KP_ZI_R1_07	0.41694	1.27345	0.40024	1.17056	0.32159	1.10862	0.41263	0.97502	0.44441	1.01488	0.55215	1.12316	0.69167	1.23898	0.79294	1.03805	0.76332	0.98041	1.10484	0.80102	1.04074	0.66851	1.76312	1.02243	2.01577	0.65881	1.92042	0.52522	1.19750	0.40670
KP_ZI_R1_08	0.39539	1.25083	0.36900	1.14740	0.29250	1.08222	0.39809	0.94647	0.42664	0.99010	0.53868	1.10323	0.66420	1.22928	0.76655	1.02027	0.74123	0.96640	1.07683	0.80480	1.01542	0.67282	1.74535	1.03266	2.01038	0.68844	1.92527	0.54946	1.20396	0.40563
KP_ZI_R1_09	0.23648	0.92654	0.27203	0.82096	0.21547	0.73530	0.37277	0.65396	0.38192	0.70622	0.43795	0.85382	0.51121	1.01704	0.71106	0.87213	0.70945	0.81180	1.08653	0.79348	1.08222	0.64858	1.62629	1.29285	1.99099	1.07576	1.95543	0.90068	1.37365	0.47512
KP_ZI_R1_10	0.39485	1.11993	0.40778	1.00788	0.33290	0.94001	0.46111	0.82419	0.48589	0.86944	0.57154	1.01111	0.66474	1.15764	0.82634	0.97233	0.81395	0.90876	1.16841	0.81018	1.12370	0.66150	1.76151	1.19265	2.06586	0.90068	2.00445	0.73854	1.34510	0.43633
KP_ZI_R1_11	0.28927	1.17972	0.28011	1.06768	0.20200	0.99064	0.30543	0.86998	0.33937	0.90930	0.45142	1.03428	0.55646	1.17487	0.69867	0.97125	0.68197	0.90284	1.03697	0.74931	0.95940	0.60279	1.68286	1.03912	1.95220	0.67389	1.86009	0.51875	1.11885	0.35230
KP_ZI_R1_12	0.27149	1.52556	0.25426	1.41351	0.16807	1.36180	0.25910	1.22174	0.29573	1.26160	0.41856	1.36826	0.54838	1.48516	0.65719	1.26914	0.62972	1.21366	0.96586	1.02027	0.88291	0.88991	1.63868	1.25729	1.88109	0.89853	1.77390	0.75039	1.03589	0.62703
KP_ZI_R1_13	0.18153	0.97017	0.21332	0.86190	0.15837	0.77571	0.30759	0.68736	0.32321	0.73423	0.38139	0.88937	0.45680	1.05421	0.65504	0.90445	0.65396	0.84035	1.04290	0.80641	1.02189	0.64480	1.54334	1.29877	1.93119	1.07091	1.90210	0.88775	1.26699	0.46219
KP_ZI_R1_14	0.33829	1.38981	0.30220	1.28961	0.21062	1.24921	0.29089	1.10161	0.32644	1.13178	0.45088	1.22443	0.60225	1.31332	0.66851	1.10323	0.63457	1.04990	0.93246	0.82311	0.83927	0.71106	1.61013	0.95186	1.82130	0.54892	1.68663	0.41478	0.96209	0.42340
KP_ZI_R1_15	0.46973	1.41028	0.43741	1.31008	0.34907	1.27022	0.41263	1.11993	0.45034	1.15009	0.58393	1.23090	0.72722	1.31547	0.77463	1.10915	0.74177	1.05852	1.02943	0.81341	0.93246	0.70783	1.69848	0.91738	1.87786	0.52575	1.75073	0.40617	1.03266	0.42287
KP_ZI_R1_16	0.48966	1.42483	0.46434	1.31655	0.37169	1.27345	0.45896	1.11885	0.49343	1.15494	0.63080	1.25460	0.75847	1.36234	0.84196	1.13878	0.81126	1.08599	1.10862	0.86621	1.02081	0.74177	1.81214	1.02243	2.01200	0.64319	1.90587	0.51013	1.15710	0.45896
KP_ZI_R1_17	0.22463	0.79725	0.24402	0.68952	0.18423	0.60710	0.33075	0.50744	0.34745	0.55861	0.42340	0.70298	0.48912	0.86459	0.67120	0.70083	0.66581	0.63565	1.04290	0.58070	1.01650	0.43472	1.57243	1.03859	1.94143	0.79779	1.91018	0.61895	1.28531	0.23702
KP_ZI_R1_18	0.25910	1.01004	0.27257	0.90068	0.20039	0.82688	0.33452	0.71537	0.35176	0.76170	0.42987	0.89422	0.53976	1.04613	0.70191	0.86351	0.68844	0.80533	1.06013	0.71106	1.02727	0.56562	1.67262	1.10161	1.99584	0.81395	1.93012	0.64265	1.25568	0.34260
KP_ZI_R1_19	0.39970	1.24867	0.38139	1.14094	0.28981	1.08868	0.38516	0.94539	0.41802	0.98472	0.54515	1.08868	0.67820	1.20342	0.77463	0.98795	0.74500	0.92923	1.06498	0.73477	0.98202	0.59578	1.78629	0.92546	2.01038	0.54515	1.89295	0.39593	1.13932	0.32806
KP_ZI_R1_20	0.21978	1.19157	0.19877	1.07737	0.11958	1.02135	0.21978	0.88021	0.25533	0.92007	0.36523	1.03697	0.49343	1.16195	0.60440	0.95186	0.57962	0.88721	0.93193	0.70999	0.84789	0.57855	1.57781	0.94539	1.83369	0.58339	1.74050	0.43795	1.02458	0.31190
KP_ZI_R2_01	0.36792	1.36395	0.34637	1.25514	0.25426	1.20073	0.34422	1.05636	0.37977	1.09030	0.52629	1.19750	0.64804	1.30470	0.74716	1.08599	0.71322	1.02620	1.03482	0.80641	0.95132	0.66797	1.73296	0.99172	1.93335	0.60602	1.82184	0.46273	1.08168	0.39054
KP_ZI_R2_02	0.21870	1.29823	0.21655	1.18349	0.13574	1.11508	0.25264	0.98472	0.27634	1.03104	0.37708	1.15602	0.51067	1.30147	0.61895	1.09353	0.59848	1.03051	0.96640	0.89152	0.92331	0.72615	1.66185	1.21150	1.95759	0.87752	1.86709	0.70945	1.14632	0.46812
KP_ZI_R2_03	0.43633	1.48031	0.40563	1.37904	0.30920	1.34133	0.38731	1.19319	0.42340	1.22820	0.55269	1.31062	0.69221	1.40759	0.72776	1.20612	0.69490	1.15602	1.00626	0.93947	0.92600	0.82096	1.70871	1.05313	1.90587	0.67120	1.78305	0.54622	1.06013	0.53814
KP_ZI_R2_04	0.27904	1.40974	0.26395	1.30308	0.18261	1.24598	0.28335	1.10915	0.30974	1.14740	0.42879	1.25729	0.55484	1.38281	0.66581	1.17757	0.64050	1.11616	0.97233	0.94432	0.89907	0.81126	1.63438	1.18080	1.89941	0.80587	1.77874	0.66635	1.05582	0.56077
KP_ZI_R2_06	0.33237	1.30039	0.32644	1.18780	0.25695	1.11023	0.38192	0.99118	0.40563	1.03912	0.49667	1.16733	0.60171	1.30631	0.74338	1.12262	0.72992	1.06013	1.10915	0.94378	1.06229	0.78648	1.67101	1.30847	1.98183	1.00303	1.91988	0.83550	1.25298	0.56885
KP_ZI_R2_07	0.39162	1.43560	0.36307	1.33109	0.27526	1.29554	0.35122	1.15009	0.38300	1.19050	0.51714	1.27076	0.65881	1.36234	0.71699	1.15548	0.68736	1.10269	0.99818	0.88829	0.92492	0.77624	1.71195	0.99387	1.87786	0.62864	1.75343	0.51175	1.06229	0.48320
KP_ZI_R2_08	0.20685	1.22282	0.21332	1.11239	0.13413	1.04343	0.26880	0.92600	0.29358	0.97071	0.38677	1.10000	0.49451	1.23198	0.62595	1.05906	0.60979	0.99818	0.99118	0.87913	0.94216	0.73207	1.57296	1.23952	1.89025	0.95293	1.83638	0.79241	1.13178	0.50259
KP_ZI_R2_09	0.20577	1.25999	0.20416	1.15117	0.12928	1.08761	0.24402	0.96640	0.26503	1.01165	0.37331	1.13393	0.47781	1.25729	0.59902	1.07845	0.58070	1.02189	0.93785	0.89260	0.89691	0.75093	1.52287	1.20881	1.82992	0.89422	1.75450	0.73638	1.07468	0.52360
KP_ZI_R2_10	0.32967	1.25568	0.31459	1.14632	0.23163	1.08222	0.34260	0.95240	0.37438	0.99387	0.48751	1.11508	0.61141	1.22982	0.71268	1.03589	0.68736	0.97718	1.03589	0.82042	0.98149	0.67820	1.70818	1.08599	1.96028	0.74338	1.86870	0.59363	1.16087	0.42933
KP_ZI_R2_11	0.48535	1.34725	0.45465	1.24652	0.36738	1.21366	0.44764	1.06121	0.47673	1.09569	0.59255	1.18888	0.74931	1.28046	0.80049	1.08007	0.76763	1.02620	1.10000	0.80641	1.03643	0.66150	1.75073	0.99172	1.98775	0.63457	1.88810	0.48751	1.14794	0.40509
KP_ZI_R2_12	0.61787	1.47061	0.56454	1.37203	0.46865	1.32840	0.53384	1.16626	0.57531	1.19534	0.72507	1.27830	0.88506	1.36234	0.92223	1.13609	0.88075	1.08545	1.16410	0.81934	1.07414	0.69921	1.89941	0.86944	2.06102	0.44657	1.92796	0.32644	1.17649	0.39701
KP_ZI_R2_15	0.29520	0.89260	0.30489	0.78109	0.23648	0.71214	0.37546	0.60710	0.39162	0.65504	0.47458	0.78433	0.57531	0.93085	0.70999	0.75955	0.69814	0.69921	1.09030	0.61410	1.07306	0.46704	1.72972	1.00357	2.02870	0.72669	1.97375	0.56885	1.29985	0.25964
KP_ZI_R2_16	0.25857	1.26807	0.23163	1.16518	0.14382	1.11831	0.23109	0.97448	0.26395	1.01004	0.39431	1.10915	0.52629	1.21204	0.61356	1.00573	0.58501	0.95132	0.90661	0.74500	0.82904	0.61248	1.56596	0.94809	1.81807	0.56939	1.71141	0.41909	0.97340	0.33883
KP_ZI_R2_17	0.20685	1.43560	0.19769	1.32517	0.12174	1.26861	0.22840	1.13555	0.25749	1.17595	0.35230	1.29392	0.49236	1.42105	0.57154	1.22443	0.55323	1.16626	0.93677	0.99926	0.88291	0.85112	1.62629	1.28315	1.89079	0.94916	1.78682	0.78917	1.07522	0.60225
KP_ZI_R3_01	0.35930	1.25837	0.35661	1.15117	0.29250	1.07953	0.41694	0.97340	0.44334	1.01596	0.53276	1.14094	0.62164	1.28046	0.76332	1.10323	0.74716	1.04505	1.11400	0.94108	1.07629	0.79671	1.72649	1.29123	2.03947	0.98418	1.96082	0.82419	1.28854	0.58447
KP_ZI_R3_03	0.55107	1.22282	0.51283	1.12531	0.42987	1.08384	0.50744	0.93785	0.53707	0.96963	0.66689	1.06121	0.80372	1.15494	0.85435	0.94863	0.82042	0.90068	1.10646	0.68521	1.02512	0.58016	1.77982	0.79779	1.98829	0.41478	1.86763	0.28981	1.15279	0.29358
KP_ZI_R3_04	0.29358	1.37419	0.28281	1.26807	0.20093	1.20558	0.29681	1.07037	0.33183	1.10538	0.45950	1.21743	0.57747	1.33433	0.68575	1.13016	0.66797	1.06714	1.00734	0.87698	0.93462	0.73584	1.63114	1.10700	1.86817	0.72561	1.75127	0.58555	1.07629	0.47997
KP_ZI_R3_05	0.46973	1.50940	0.43041	1.41297	0.33452	1.37365	0.39539	1.21905	0.43148	1.24652	0.57531	1.32301	0.71322	1.40920	0.77948	1.17649	0.74069	1.13070	0.99818	0.88668	0.90768	0.76116	1.69525	0.94485	1.84392	0.55484	1.70494	0.43095	0.97987	0.49074
KP_ZI_R3_07	0.29358	0.84520	0.30812	0.73423	0.24941	0.65935	0.38516	0.56239	0.40347	0.60656	0.48266	0.74285	0.56346	0.90391	0.70729	0.73692	0.69921	0.67713	1.08922	0.60548	1.06121	0.46003	1.62091	1.01919	1.99099	0.75524	1.92850	0.58878	1.27561	0.26126
KP_ZI_R3_08	0.32429	0.80426	0.35768	0.69867	0.30112	0.61356	0.45680	0.53437	0.46973	0.58232	0.52145	0.73207	0.57424	0.88075	0.76116	0.74662	0.76709	0.68736	1.14255	0.67120	1.13070	0.51875	1.63599	1.16033	2.01684	0.94108	1.97644	0.76816	1.37257	0.35014
KP_ZI_R3_09	0.38570	1.10484	0.38085	0.99765	0.30058	0.93516	0.41263	0.80749	0.43795	0.84574	0.55000	0.96802	0.66258	1.09461	0.76385	0.90499	0.74769	0.84466	1.08815	0.70406	1.03212	0.56885	1.74211	0.97071	2.03678	0.63026	1.94466	0.48535	1.22551	0.32105
KP_ZI_R3_10	0.37815	0.91577	0.42287	0.81180	0.37223	0.72345	0.53060	0.64858	0.54245	0.69814	0.59632	0.84681	0.64480	1.01327	0.84574	0.88237	0.84789	0.81934	1.23952	0.81288	1.23467	0.65612	1.71518	1.33810	2.08849	1.12909	2.06910	0.95132	1.47869	0.50367
KP_ZI_R3_11	0.28281	1.13124	0.29573	1.02296	0.23271	0.94701	0.36361	0.84466	0.38785	0.88883	0.46865	1.02189	0.53976	1.17164	0.70514	1.00196	0.70137	0.94162	1.06390	0.85489	1.02620	0.71591	1.64192	1.25191	1.94466	0.97071	1.88810	0.81126	1.25945	0.48912
KP_ZI_R3_12	0.20739	1.03104	0.22193	0.92438	0.15891	0.84143	0.30220	0.73908	0.32482	0.78486	0.40078	0.93516	0.48912	1.08976	0.64480	0.92385	0.64373	0.85866	1.04936	0.79025	1.01219	0.63188	1.60798	1.22443	1.98775	0.93624	1.91180	0.76385	1.21905	0.43795
KP_ZI_R3_13	0.26341	0.57047	0.32536	0.47997	0.30705	0.38785	0.46596	0.36307	0.46434	0.41317	0.46057	0.55754	0.46488	0.72615	0.65396	0.63780	0.67497	0.58501	1.01327	0.68413	1.05367	0.55969	1.34995	1.30362	1.76151	1.21635	1.78575	1.05044	1.36288	0.49720
KP_ZI_R3_14	0.16160	1.12531	0.17992	1.01919	0.11797	0.93516	0.26180	0.85005	0.28119	0.90014	0.35176	1.03643	0.42502	1.19642	0.59794	1.03697	0.59363	0.97933	0.95563	0.93139	0.94809	0.77463	1.53095	1.38927	1.88971	1.12962	1.84554	0.96155	1.18511	0.59417
KP_ZI_R3_15	0.31944	1.22443	0.29520	1.11616	0.21385	1.06337	0.29897	0.92385	0.33237	0.96802	0.47027	1.06283	0.57855	1.18834	0.66851	0.97610	0.63942	0.92061	0.97179	0.73530	0.91415	0.59040	1.68070	0.93731	1.91018	0.54784	1.80137	0.41802	1.07629	0.32644
KP_ZI_R3_16	0.20847	1.13932	0.21385	1.03374	0.15352	0.96101	0.27311	0.85382	0.30328	0.89529	0.39054	1.02673	0.47835	1.16572	0.61302	0.99711	0.60063	0.93947	0.95455	0.83873	0.90876	0.70514	1.51102	1.18780	1.84877	0.87967	1.76959	0.72238	1.11346	0.49289
KP_ZI_R3_17	0.41856	1.41675	0.38408	1.31547	0.29573	1.27345	0.35768	1.12801	0.39378	1.15602	0.53330	1.24113	0.65989	1.33379	0.73207	1.11292	0.69975	1.06821	0.96479	0.84412	0.86890	0.73423	1.63922	0.92438	1.78736	0.53922	1.65269	0.43472	0.96317	0.47512
KP_ZI_R3_18	0.24240	1.24113	0.22678	1.12962	0.14436	1.06013	0.24456	0.93677	0.28335	0.97664	0.39647	1.08761	0.51067	1.22389	0.61841	1.01650	0.59956	0.95509	0.94324	0.78379	0.87644	0.64750	1.57135	1.05475	1.81753	0.68467	1.70925	0.54515	1.01219	0.39862
